1772873736374 0.6523809523809524 0
1772873777176 0.6738095238095239 1
1772873826140 0.7380952380952381 2
1772873873202 0.7976190476190477 3
1772873924351 0.8285714285714286 4
1772873975370 0.7928571428571428 5
1772874010780 0.7738095238095238 6
1772874043953 0.8071428571428572 7
1772874076450 0.8119047619047619 8
1772874110004 0.819047619047619 9
1772874143040 0.8214285714285714 10
1772874177612 0.830952380952381 11
1772874228525 0.8166666666666667 12
1772874272201 0.861904761904762 13
1772874323067 0.8380952380952381 14
1772874373786 0.8404761904761905 15
1772874422373 0.8166666666666667 16
1772874467172 0.8142857142857143 17
1772874518533 0.8642857142857143 18
1772874568846 0.8357142857142857 19
