1772873736374 0.7095906798328672 0
1772873777176 0.6376803921801704 1
1772873826140 0.5118707822901862 2
1772873873202 0.4512024457965578 3
1772873924351 0.41814484340803965 4
1772873975370 0.44988593459129333 5
1772874010780 0.4766921401023865 6
1772874043953 0.4203738048672676 7
1772874076450 0.4029819688626698 8
1772874110004 0.3642331191471645 9
1772874143040 0.39580959933144705 10
1772874177612 0.4240383559039661 11
1772874228525 0.402796134352684 12
1772874272201 0.3432681496654238 13
1772874323067 0.39744244303022114 14
1772874373786 0.37928283853190287 15
1772874422373 0.4097664760691779 16
1772874467172 0.3940651821238654 17
1772874518533 0.3635515570640564 18
1772874568846 0.36595443529742105 19
