1772872459090 0.7271637895277568 0
1772872501886 0.5559758352381843 1
1772872550869 0.5346649970327105 2
1772872601576 0.5031945151942117 3
1772872651074 0.48535136239869253 4
1772872700878 0.4383562739406313 5
1772872751043 0.4552014640399388 6
1772872801101 0.411126118685518 7
1772872847477 0.3961380933012281 8
1772872898347 0.42148035764694214 9
1772872949632 0.41169913751738413 10
1772872999795 0.48615236367498127 11
1772873048383 0.39043938155685154 12
1772873084427 0.3853688452925001 13
1772873121807 0.3681079298257828 14
1772873166726 0.4227902569941112 15
1772873215283 0.4195143665586199 16
1772873265228 0.40477307779448374 17
1772873315486 0.40032872344766346 18
1772873349214 0.3808003355349813 19
