1772872459090 0.6047619047619047 0
1772872501886 0.7261904761904762 1
1772872550869 0.719047619047619 2
1772872601576 0.7404761904761905 3
1772872651074 0.7904761904761904 4
1772872700878 0.8166666666666667 5
1772872751043 0.7952380952380952 6
1772872801101 0.8095238095238095 7
1772872847477 0.8476190476190476 8
1772872898347 0.8357142857142857 9
1772872949632 0.8071428571428572 10
1772872999795 0.8261904761904761 11
1772873048383 0.8404761904761905 12
1772873084427 0.8333333333333334 13
1772873121807 0.8333333333333334 14
1772873166726 0.8261904761904761 15
1772873215283 0.8285714285714286 16
1772873265228 0.8214285714285714 17
1772873315486 0.830952380952381 18
1772873349214 0.830952380952381 19
